
C:\Users\Tony\Documents\Visual Studio 2015\Projects\ConsoleApplication7\Debug>consoleapplication7 2 2
-----------------------------------------------------------
First argument is data type:
1 ----------- Sort integer array
2 ----------- Sort double array
3 ----------- Use character array
-----------------------------------------------------------
-----------------------------------------------------------
Second argument is algorithm.
1 ----------- Use selection sort
2 ----------- Use bubble sort
3 ----------- Use insertion sort----------------------
Enter 10 double elements.
0.9
9.8
8.7
7.6
6.5
5.4
4.3
3.2
2.1
1.0
Here is your unsorted array:
0.9 9.8 8.7 7.6 6.5 5.4 4.3 3.2 2.1 1
0.9 8.7 9.8 7.6 6.5 5.4 4.3 3.2 2.1 1
0.9 7.6 9.8 8.7 6.5 5.4 4.3 3.2 2.1 1
0.9 6.5 9.8 8.7 7.6 5.4 4.3 3.2 2.1 1
0.9 5.4 9.8 8.7 7.6 6.5 4.3 3.2 2.1 1
0.9 4.3 9.8 8.7 7.6 6.5 5.4 3.2 2.1 1
0.9 3.2 9.8 8.7 7.6 6.5 5.4 4.3 2.1 1
0.9 2.1 9.8 8.7 7.6 6.5 5.4 4.3 3.2 1
0.9 1 9.8 8.7 7.6 6.5 5.4 4.3 3.2 2.1
0.9 1 8.7 9.8 7.6 6.5 5.4 4.3 3.2 2.1
0.9 1 7.6 9.8 8.7 6.5 5.4 4.3 3.2 2.1
0.9 1 6.5 9.8 8.7 7.6 5.4 4.3 3.2 2.1
0.9 1 5.4 9.8 8.7 7.6 6.5 4.3 3.2 2.1
0.9 1 4.3 9.8 8.7 7.6 6.5 5.4 3.2 2.1
0.9 1 3.2 9.8 8.7 7.6 6.5 5.4 4.3 2.1
0.9 1 2.1 9.8 8.7 7.6 6.5 5.4 4.3 3.2
0.9 1 2.1 8.7 9.8 7.6 6.5 5.4 4.3 3.2
0.9 1 2.1 7.6 9.8 8.7 6.5 5.4 4.3 3.2
0.9 1 2.1 6.5 9.8 8.7 7.6 5.4 4.3 3.2
0.9 1 2.1 5.4 9.8 8.7 7.6 6.5 4.3 3.2
0.9 1 2.1 4.3 9.8 8.7 7.6 6.5 5.4 3.2
0.9 1 2.1 3.2 9.8 8.7 7.6 6.5 5.4 4.3
0.9 1 2.1 3.2 8.7 9.8 7.6 6.5 5.4 4.3
0.9 1 2.1 3.2 7.6 9.8 8.7 6.5 5.4 4.3
0.9 1 2.1 3.2 6.5 9.8 8.7 7.6 5.4 4.3
0.9 1 2.1 3.2 5.4 9.8 8.7 7.6 6.5 4.3
0.9 1 2.1 3.2 4.3 9.8 8.7 7.6 6.5 5.4
0.9 1 2.1 3.2 4.3 8.7 9.8 7.6 6.5 5.4
0.9 1 2.1 3.2 4.3 7.6 9.8 8.7 6.5 5.4
0.9 1 2.1 3.2 4.3 6.5 9.8 8.7 7.6 5.4
0.9 1 2.1 3.2 4.3 5.4 9.8 8.7 7.6 6.5
0.9 1 2.1 3.2 4.3 5.4 8.7 9.8 7.6 6.5
0.9 1 2.1 3.2 4.3 5.4 7.6 9.8 8.7 6.5
0.9 1 2.1 3.2 4.3 5.4 6.5 9.8 8.7 7.6
0.9 1 2.1 3.2 4.3 5.4 6.5 8.7 9.8 7.6
0.9 1 2.1 3.2 4.3 5.4 6.5 7.6 9.8 8.7
0.9 1 2.1 3.2 4.3 5.4 6.5 7.6 8.7 9.8
0.9 1 2.1 3.2 4.3 5.4 6.5 7.6 8.7 9.8
Would you like to do another test? (y/n):n

Thank you for using the program! Bye!

C:\Users\Tony\Documents\Visual Studio 2015\Projects\ConsoleApplication7\Debug>