-----------------------------------------------------------
First, select which type of array to sort:
1 ----------- Sort integer array
2 ----------- Sort double array
3 ----------- Use character array
-----------------------------------------------------------
1
-----------------------------------------------------------
Next, select what sorting algorithm to use.
1 ----------- Use selection sort
2 ----------- Use bubble sort
3 ----------- Use insertion sort
-----------------------------------------------------------
1
Enter 10 int elements.
0
9
8
7
6
5
4
3
2
1
Here is your unsorted array:
0 9 8 7 6 5 4 3 2 1
0 8 9 7 6 5 4 3 2 1
0 7 9 8 6 5 4 3 2 1
0 6 9 8 7 5 4 3 2 1
0 5 9 8 7 6 4 3 2 1
0 4 9 8 7 6 5 3 2 1
0 3 9 8 7 6 5 4 2 1
0 2 9 8 7 6 5 4 3 1
0 1 9 8 7 6 5 4 3 2
0 1 8 9 7 6 5 4 3 2
0 1 7 9 8 6 5 4 3 2
0 1 6 9 8 7 5 4 3 2
0 1 5 9 8 7 6 4 3 2
0 1 4 9 8 7 6 5 3 2
0 1 3 9 8 7 6 5 4 2
0 1 2 9 8 7 6 5 4 3
0 1 2 8 9 7 6 5 4 3
0 1 2 7 9 8 6 5 4 3
0 1 2 6 9 8 7 5 4 3
0 1 2 5 9 8 7 6 4 3
0 1 2 4 9 8 7 6 5 3
0 1 2 3 9 8 7 6 5 4
0 1 2 3 8 9 7 6 5 4
0 1 2 3 7 9 8 6 5 4
0 1 2 3 6 9 8 7 5 4
0 1 2 3 5 9 8 7 6 4
0 1 2 3 4 9 8 7 6 5
0 1 2 3 4 8 9 7 6 5
0 1 2 3 4 7 9 8 6 5
0 1 2 3 4 6 9 8 7 5
0 1 2 3 4 5 9 8 7 6
0 1 2 3 4 5 8 9 7 6
0 1 2 3 4 5 7 9 8 6
0 1 2 3 4 5 6 9 8 7
0 1 2 3 4 5 6 8 9 7
0 1 2 3 4 5 6 7 9 8
0 1 2 3 4 5 6 7 8 9
0 1 2 3 4 5 6 7 8 9
Would you like to do another test? (y/n):y
-----------------------------------------------------------
First, select which type of array to sort:
1 ----------- Sort integer array
2 ----------- Sort double array
3 ----------- Use character array
-----------------------------------------------------------
2
-----------------------------------------------------------
Next, select what sorting algorithm to use.
1 ----------- Use selection sort
2 ----------- Use bubble sort
3 ----------- Use insertion sort
-----------------------------------------------------------
2
Enter 10 double elements.
0.9
9.8
8.7
7.6
6.5
5.4
4.3
3.2
2.1
1.0
Here is your unsorted array:
0.9 9.8 8.7 7.6 6.5 5.4 4.3 3.2 2.1 1
0.9 8.7 9.8 7.6 6.5 5.4 4.3 3.2 2.1 1
0.9 7.6 9.8 8.7 6.5 5.4 4.3 3.2 2.1 1
0.9 6.5 9.8 8.7 7.6 5.4 4.3 3.2 2.1 1
0.9 5.4 9.8 8.7 7.6 6.5 4.3 3.2 2.1 1
0.9 4.3 9.8 8.7 7.6 6.5 5.4 3.2 2.1 1
0.9 3.2 9.8 8.7 7.6 6.5 5.4 4.3 2.1 1
0.9 2.1 9.8 8.7 7.6 6.5 5.4 4.3 3.2 1
0.9 1 9.8 8.7 7.6 6.5 5.4 4.3 3.2 2.1
0.9 1 8.7 9.8 7.6 6.5 5.4 4.3 3.2 2.1
0.9 1 7.6 9.8 8.7 6.5 5.4 4.3 3.2 2.1
0.9 1 6.5 9.8 8.7 7.6 5.4 4.3 3.2 2.1
0.9 1 5.4 9.8 8.7 7.6 6.5 4.3 3.2 2.1
0.9 1 4.3 9.8 8.7 7.6 6.5 5.4 3.2 2.1
0.9 1 3.2 9.8 8.7 7.6 6.5 5.4 4.3 2.1
0.9 1 2.1 9.8 8.7 7.6 6.5 5.4 4.3 3.2
0.9 1 2.1 8.7 9.8 7.6 6.5 5.4 4.3 3.2
0.9 1 2.1 7.6 9.8 8.7 6.5 5.4 4.3 3.2
0.9 1 2.1 6.5 9.8 8.7 7.6 5.4 4.3 3.2
0.9 1 2.1 5.4 9.8 8.7 7.6 6.5 4.3 3.2
0.9 1 2.1 4.3 9.8 8.7 7.6 6.5 5.4 3.2
0.9 1 2.1 3.2 9.8 8.7 7.6 6.5 5.4 4.3
0.9 1 2.1 3.2 8.7 9.8 7.6 6.5 5.4 4.3
0.9 1 2.1 3.2 7.6 9.8 8.7 6.5 5.4 4.3
0.9 1 2.1 3.2 6.5 9.8 8.7 7.6 5.4 4.3
0.9 1 2.1 3.2 5.4 9.8 8.7 7.6 6.5 4.3
0.9 1 2.1 3.2 4.3 9.8 8.7 7.6 6.5 5.4
0.9 1 2.1 3.2 4.3 8.7 9.8 7.6 6.5 5.4
0.9 1 2.1 3.2 4.3 7.6 9.8 8.7 6.5 5.4
0.9 1 2.1 3.2 4.3 6.5 9.8 8.7 7.6 5.4
0.9 1 2.1 3.2 4.3 5.4 9.8 8.7 7.6 6.5
0.9 1 2.1 3.2 4.3 5.4 8.7 9.8 7.6 6.5
0.9 1 2.1 3.2 4.3 5.4 7.6 9.8 8.7 6.5
0.9 1 2.1 3.2 4.3 5.4 6.5 9.8 8.7 7.6
0.9 1 2.1 3.2 4.3 5.4 6.5 8.7 9.8 7.6
0.9 1 2.1 3.2 4.3 5.4 6.5 7.6 9.8 8.7
0.9 1 2.1 3.2 4.3 5.4 6.5 7.6 8.7 9.8
0.9 1 2.1 3.2 4.3 5.4 6.5 7.6 8.7 9.8
Would you like to do another test? (y/n):y
-----------------------------------------------------------
First, select which type of array to sort:
1 ----------- Sort integer array
2 ----------- Sort double array
3 ----------- Use character array
-----------------------------------------------------------
3
-----------------------------------------------------------
Next, select what sorting algorithm to use.
1 ----------- Use selection sort
2 ----------- Use bubble sort
3 ----------- Use insertion sort
-----------------------------------------------------------
3
Enter 10 char elements.
q
w
e
r
t
y
u
i
o
p
Here is your unsorted array:
q w e r t y u i o p
q w e r t y u i o p
e q w r t y u i o p
e q r w t y u i o p
e q r t w y u i o p
e q r t w y u i o p
e q r t u w y i o p
e i q r t u w y o p
e i o q r t u w y p
e i o p q r t u w y
Would you like to do another test? (y/n):n

Thank you for using the program! bye!
Press any key to continue . . .